[[65536,"111112"],[65537,"111115"]]
[3,{"uid":65536,"shou":[125,124,123,122,121,120,119,118,117,116,115,114,113,112,111,110,109,108,107,106,105,104],"jiang":[4,95],"size2":79}]
[3,{"uid":65537,"shou":[103,102,101,100,99,98,97,96,94,93,92,91,90,89,88,87,86,85,84,83,82,81],"jiang":[4,95],"size2":79}]
[6,{"uid":65536,"shou":[120,119,118,117,116,115,114,113,112,111,110,109,108,107,106,105,104,80,79,78,77,76],"di":[125,124,123,122,121]}]
[6,{"uid":65536,"di":[125,124,123,122,121]}]
[4,{"uid":65536,"pai":75,"size1":23,"size2":73}]
[4,{"uid":65536,"size1":23,"size2":73}]
[5,{"uid":65536,"pai":75,"shou":[120,119,118,117,116,115,114,113,112,111,110,109,108,107,106,105,104,80,79,78,77,76]}]
[5,{"uid":65536,"pai":75,"size1":22}]
[4,{"uid":65537,"size1":23,"size2":72}]
[4,{"uid":65537,"pai":74,"size1":23,"size2":72}]
[5,{"uid":65537,"pai":74,"size1":22}]
[5,{"uid":65537,"pai":74,"shou":[103,102,101,100,99,98,97,96,94,93,92,91,90,89,88,87,86,85,84,83,82,81]}]
[4,{"uid":65536,"pai":73,"size1":23,"size2":71}]
[4,{"uid":65536,"size1":23,"size2":71}]
[1,{"uid":65537}]
[5,{"uid":65536,"pai":73,"shou":[120,119,118,117,116,115,114,113,112,111,110,109,108,107,106,105,104,80,79,78,77,76]}]
[4,{"uid":65537,"size1":23,"size2":70}]
