[[65536,"111112"]]
[3,{"uid":65536,"shou":[125,124,123,122,121,120,119,118,117,116,115,114,113,112,111,109,108,107,106,105,104,103],"jiang":[110,73],"size2":101}]
[6,{"uid":65536,"shou":[120,119,118,117,116,115,114,113,112,111,109,108,107,106,105,104,103,102,101,100,99,98],"di":[125,124,123,122,121]}]
[4,{"uid":65536,"pai":97,"size1":23,"size2":95}]
[5,{"uid":65536,"pai":97,"shou":[120,119,118,117,116,115,114,113,112,111,109,108,107,106,105,104,103,102,101,100,99,98]}]
[4,{"uid":65536,"pai":96,"size1":23,"size2":94}]
[5,{"uid":65536,"pai":96,"shou":[120,119,118,117,116,115,114,113,112,111,109,108,107,106,105,104,103,102,101,100,99,98]}]
[4,{"uid":65536,"pai":95,"size1":23,"size2":93}]
[5,{"uid":65536,"pai":95,"shou":[120,119,118,117,116,115,114,113,112,111,109,108,107,106,105,104,103,102,101,100,99,98]}]
[4,{"uid":65536,"pai":94,"size1":23,"size2":92}]
[5,{"uid":65536,"pai":94,"shou":[120,119,118,117,116,115,114,113,112,111,109,108,107,106,105,104,103,102,101,100,99,98]}]
[4,{"uid":65536,"pai":93,"size1":23,"size2":91}]
[5,{"uid":65536,"pai":93,"shou":[120,119,118,117,116,115,114,113,112,111,109,108,107,106,105,104,103,102,101,100,99,98]}]
[4,{"uid":65536,"pai":92,"size1":23,"size2":90}]
[5,{"uid":65536,"pai":92,"shou":[120,119,118,117,116,115,114,113,112,111,109,108,107,106,105,104,103,102,101,100,99,98]}]
[4,{"uid":65536,"pai":91,"size1":23,"size2":89}]
