[[65536,"111112"],[65537,"111111"]]
[3,{"uid":65536,"shou":[125,124,123,122,121,120,119,118,117,116,115,114,113,112,111,110,109,108,107,106,105,104],"jiang":[86,101],"size2":79}]
[3,{"uid":65537,"shou":[103,102,100,99,98,97,96,95,94,93,92,91,90,89,88,87,85,84,83,82,81,80],"jiang":[86,101],"size2":79}]
[6,{"uid":65536,"shou":[120,119,118,117,116,115,114,113,112,111,110,109,108,107,106,105,104,79,78,77,76,75],"di":[125,124,123,122,121]}]
[6,{"uid":65536,"di":[125,124,123,122,121]}]
[4,{"uid":65536,"pai":74,"size1":23,"size2":73}]
[4,{"uid":65536,"size1":23,"size2":73}]
[5,{"uid":65536,"pai":74,"shou":[120,119,118,117,116,115,114,113,112,111,110,109,108,107,106,105,104,79,78,77,76,75]}]
[5,{"uid":65536,"pai":74,"size1":22}]
[4,{"uid":65537,"size1":23,"size2":72}]
[4,{"uid":65537,"pai":73,"size1":23,"size2":72}]
[5,{"uid":65537,"pai":73,"size1":22}]
[5,{"uid":65537,"pai":73,"shou":[103,102,100,99,98,97,96,95,94,93,92,91,90,89,88,87,85,84,83,82,81,80]}]
[4,{"uid":65536,"pai":72,"size1":23,"size2":71}]
[4,{"uid":65536,"size1":23,"size2":71}]
[1,{"uid":65537}]
[5,{"uid":65536,"pai":72,"shou":[120,119,118,117,116,115,114,113,112,111,110,109,108,107,106,105,104,79,78,77,76,75]}]
[4,{"uid":65537,"size1":23,"size2":70}]
[5,{"uid":65537,"pai":71,"size1":22}]
[4,{"uid":65536,"pai":70,"size1":23,"size2":69}]
[5,{"uid":65536,"pai":70,"shou":[120,119,118,117,116,115,114,113,112,111,110,109,108,107,106,105,104,79,78,77,76,75]}]
[4,{"uid":65537,"size1":23,"size2":68}]
[5,{"uid":65537,"pai":69,"size1":22}]
[4,{"uid":65536,"pai":68,"size1":23,"size2":67}]
[5,{"uid":65536,"pai":68,"shou":[120,119,118,117,116,115,114,113,112,111,110,109,108,107,106,105,104,79,78,77,76,75]}]
[4,{"uid":65537,"size1":23,"size2":66}]
[5,{"uid":65537,"pai":67,"size1":22}]
[9,{"uid":65536,"uid2":65537,"pai":67}]
[10,[{"playcount":0,"uid":65536,"shou":[120,119,118,117,116,115,114,113,112,111,110,109,108,107,106,105,104,79,78,77,76,75,67],"di":[121,122,123,124,125],"hu":[75,76,67,77,78,79,111,112,113,104,105,106,114,115,116,107,108,109,117,118,119,110,120],"score":660,"uid2":65537,"type1":73,"type2":2},{"playcount":0,"uid":65537,"shou":[103,102,100,99,98,97,96,95,94,93,92,91,90,89,88,87,85,84,83,82,81,80],"di":[],"hu":[],"score":10}]]
